idcarga
17880751
16157250
16157251
17416470
17344434
17344435
17344478
16367646
17344471
17551294
17551295
17551296
17551297
17013657
17013658
17013659
17575382
17876887
17876888
17562031
17562032
17126683
17001291
17797891
16201621
16201330
16773598
17896605
17896606
16036817
16504827
16504828
16725905
15693612
17713196
17713197
16656999
16900534
17806650
17180643
17180644
17180645
17180646
17545847
17545848
17709432
16971143
17710028
18772879
16379234
16379235
16016646
16606452
16606453
16352292
17211893
16703778
16273947
16036822
18834804
15761644
15693622
16050664
15863398
16013850
16053025
16053023
17048325
16050658
16013798
16008100
16013794
16008178
16013804
16006259
17550565
17552174
17416528
16013801
16175994
17713176
16013834
16085362
16116218
16075497
16032285
16050660
16050652
16053305
17552173
16172037
17105290
16053030
17380323
16691143
16266480
16691142
17380218
17552172
17635449
15865959
17039217
16682290
16897387
16036800
17039230
16691101
16050647
17416534
16050651
16037175
17639130
16037138
16050668
17105294
16008195
16266481
16116162
16116181
16263033
16179751
16183084
16179785
16032048
17712853
16183073
16183082
17400022
16183077
16191403
15965962
16006266
15965965
16006294
15892497
15965917
16189850
16116157
15965875
15965881
16176950
17383878
16176951
16116225
16116191
16116198
16116194
16116151
17543086
16116211
16270776
16010219
17543946
16341390
16032270
16116217
16010221
17629654
16263038
16263039
17389061
16116167
17425800
16015002
17281347
16032052
16116145
16032276
16116224
16032282
16032273
16710855
16351896
16352538
16351900
16351879
16342015
16352542
16841105
17210639
15863349
16351871
16351875
16341594
16841716
16369954
16369955
16374793
16841717
16349387
17280960
16349257
16429575
16351696
16351709
16843708
17210212
16416045
16416003
16841113
16841110
16841116
17256301
16685512
16374893
16414468
17262569
16374794
15878024
15863367
16435127
15878023
15878033
16435124
15878047
16378629
15878052
16844477
15863356
15863361
16526805
17207259
15863376
17208298
17207260
16839482
17160421
17202503
16526536
16527038
16845293
17204417
16439557
16440757
17207127
16526812
16440753
16845203
17207184
17208826
15863373
17208825
17207183
16526537
16527035
17207072
15878018
16849872
17123957
16685513
16500198
16843501
16353550
16353552
16839486
15878056
16843502
17275476
16518745
16849551
17129634
17129585
17129587
16845218
17204418
16500197
17204698
16526804
17129638
16849874
17027476
15876194
16691151
15878012
15869894
15871657
16691152
16533781
16780831
15876210
16533786
17108886
16776621
17109726
17109643
16691150
16691120
16691038
17109729
16896762
16691149
16533793
16896760
17110270
16658519
16681277
16661201
17034883
17031509
17035112
15863400
15866015
16691144
17035108
15863389
17033977
16948081
16691145
17116689
16691147
16533738
17117671
16691146
15865950
17034912
17039220
16780827
16781109
16691148
16704258
15865914
15863388
17027531
16682294
17027528
17026678
17026987
17026686
16682434
17014190
16905546
16900499
17005479
15864766
15865826
17005480
16685783
16691153
15865850
17005041
16686307
17005033
16905544
15865852
16710858
16691154
16925512
16690948
16685704
16973107
16691155
16926471
16700197
16972382
16691156
16691062
16948092
16711004
16999633
16711005
15863411
16990738
16948101
16707312
16341391
15863423
15863428
17026689
15863430
16702747
17711935
17674509
17390304
15878068
17394222
15878065
15878062
16341358
16200819
16200852
16200818
16341498
17390309
17712693
16202766
16341350
17416503
16341369
16249650
17644110
17560200
16249652
17645190
16252945
17710047
16200769
16341586
16341512
16200768
16192459
17287696
17573454
17400028
16341377
16341357
17416512
16341341
16341373
16259578
17577653
16273985
16275364
16341380
16273901
16341497
16273914
15865958
15863392
16200771
17713288
16116206
16691190
16116168
17039234
17048327
17039224
16183085
16341382
16200767
17416516
17035137
17709402
16440754
16658516
15863401
16440761
17646749
16013799
17035107
17035105
16661210
17104196
16116210
16116143
16275946
17034876
15863408
16116192
15866162
17031189
16681278
16691191
16024504
16341501
16013842
17713223
16341372
17390604
16183074
17425803
17390307
16006323
16189855
16200833
16202769
16191506
16006255
16183080
16032277
15965919
16183067
16032053
16175995
16013811
16008182
16013788
15965882
16273906
17416511
16013792
17396198
17400024
16032271
16176948
16200854
16032280
17394221
16010223
16341575
17425641
16010218
16177446
16252942
16429576
16841714
16416001
17262566
16374892
17211223
17210584
15863370
16435126
16844474
17202510
16414466
15863362
16841112
17160400
16686305
16900497
16504939
17711933
17027478
17005032
16685514
16685700
16715741
15865889
15865829
16684523
17005474
16841101
17129584
16353549
16374777
16374798
16849602
16841732
17275455
17204421
16845289
17204694
17123896
16357858
16526541
16843505
17275653
17129610
16351869
15863355
16352539
17207073
16351895
15863350
17280964
16351692
16341635
16351877
16843346
16343388
16967331
17208295
17109725
17561524
16691189
16691193
16691194
17005038
16691042
16948087
16926467
16781113
16691192
16691036
17208827
16439558
16691197
17207130
16691195
17116686
16896758
16780830
16526808
16533785
17108883
16533791
16533778
16776623
16531279
16691199
17552930
16691198
16700198
16703469
17026982
16990740
17577391
16526935
15865925
17026685
17014191
16948115
16905545
17014184
17710072
15864763
16925513
16691200
16845202
16682293
16710860
15863425
16707304
15863382
16710851
16691196
17712690
17554043
17573441
16116221
17543942
16341355
17389062
16037169
16050659
16341365
16341342
17552526
16050663
16271008
17287672
17577679
16263034
17709916
17552154
16053027
16050650
16341480
17543455
16053022
17384470
17416501
17288552
16032287
17546939
17551661
17383876
17551585
17712856
16172043
17281351
16082798
16172038
17551086
16037136
17380088
17380222
16075409
16263043
17416531
17712754
17713173
15863429
17380219
16266476
16707298
16341362
17208301
17048328
16691100
16050669
16999631
15863414
16341500
16013795
16711006
17712692
15868714
17204994
16686308
17005022
17552170
17573440
17014188
16032272
17005037
16526534
17712755
15865910
17416530
15878069
17124180
16032283
15865825
16015001
17026683
16192458
17711936
17400019
17713226
16008193
17553629
16849608
17288258
17706014
16682414
17713300
16050656
16900500
17394224
16008055
16526934
17034884
17110295
16691093
17642190
16691098
17552171
16710856
16776624
17629655
17562033
17109673
16691094
17710046
16533783
17108887
16341368
16440759
17207131
17207187
16691095
16172040
16691096
17116688
17646738
16896759
15865941
16533795
17635448
17035141
16845206
17035106
16533789
16533735
16781107
16658517
16691099
17552156
17034838
16690944
16036799
17105291
16249653
16341352
15863397
17394218
16973101
16341389
17554046
15863377
16948097
16710862
17394205
16691040
16926462
16682291
17210207
16661207
16700196
16844480
17644111
17416502
17551665
15866013
17390300
15863391
17552931
16691089
17207263
17552528
17425801
16273987
16072026
16183087
16263037
16845292
16189853
17210668
16116158
17552169
17129586
17416515
16341339
15878049
16841248
17124280
16378628
16179752
17281346
16116177
15863366
17210585
16341592
16374781
16341381
17384501
16351880
15863351
17280959
16341375
16351898
16349386
16176949
16351697
17546937
17400020
16006287
17543454
17577655
17129635
16200817
16352544
15878029
16202765
16841104
16843344
16369956
15965874
16351872
15878022
17543943
16273895
16075416
17202506
17390308
17550568
16526542
16341483
16843707
16116214
16685511
17383875
17256302
16415983
16032051
15878015
16374800
16116200
17027529
17384468
16353551
16270765
17285056
16500201
17005477
16183069
17275479
16841244
17416545
16526806
17117686
15878058
16116144
16183079
16691181
16691183
15863379
16700195
16896766
17553627
17116677
17129607
16691102
17204693
16263032
17275661
16500200
16845288
16349385
17552184
17207071
16839483
16948084
17109740
17646740
15876200
16341385
17710171
17207182
16533792
15878019
16357855
16691184
16776622
16353548
15878013
16841718
17551663
17275475
16843506
17210211
16527034
16526540
16533779
17712854
16781106
16053029
16843347
17109642
16842424
17552186
16526803
17383882
17208824
16691185
16533787
17710035
17629656
15863368
17575448
16682292
16843709
16841245
16899000
17027491
17565604
17027530
15865921
16374891
16266477
17014187
17383861
17262568
16904676
15878050
17026681
17204111
16682411
17208297
16378623
16270766
17712753
17005476
17005039
17416533
16685706
15865900
16684522
17117685
16685669
16715742
16341366
16416046
16686306
17160416
15865833
17026984
17211224
17005034
17416526
16841111
16415965
17026687
16435128
16263036
16849544
17554045
16351868
16967330
15863426
15863352
16351878
17552525
16374799
16691179
16690950
17280978
16351695
16925509
16691180
16352540
15864765
17207257
16351894
16342413
16708535
17639131
17712688
16999641
16844478
16703460
16994479
17210587
17124187
16990733
16704257
15878025
16710861
15878032
16710854
16341481
16841106
17384502
17642193
17380217
16429574
15863432
15863359
17105293
